0.10	4.13	54.15
0.15	3.13	35.82
0.20	3.07	26.59
0.26	3.11	20.15
0.30	3.56	17.27
0.36	3.98	14.41
0.40	4.27	13.27
0.46	4.27	12.11
0.50	4.10	11.44
0.56	3.92	10.49
0.60	3.80	9.96
0.72	3.51	8.70
0.80	3.35	8.06
1.00	2.99	6.89
1.10	2.81	6.46
1.20	2.65	6.10
1.30	2.50	5.78
1.40	2.34	5.50
1.50	2.17	5.22
1.60	2.08	4.95
1.70	2.00	4.72
1.80	1.92	4.54
1.90	1.82	4.35
2.00	1.75	4.18
2.10	1.67	4.03
2.20	1.60	3.88
2.30	1.53	3.75
2.40	1.47	3.61
2.50	1.41	3.48
2.60	1.37	3.36
2.70	1.32	3.25
2.80	1.29	3.13
2.90	1.26	3.03
3.00	1.23	2.94	
3.10	1.20	2.85
3.20	1.17	2.77
3.30	1.14	2.68
3.40	1.12	2.60
3.50	1.10	2.52
3.60	1.08	2.45
3.70	1.07	2.38
3.80	1.06	2.31
3.90	1.05	2.25
4.00	1.03	2.19
4.20	1.04	2.09
4.40	1.03	2.01
4.60	1.03	1.94
4.80	1.01	1.90
5.00	0.96	1.86
5.20	0.90	1.79
5.40	0.85	1.70
5.60	0.81	1.62
5.80	0.78	1.54
6.00	0.76	1.45
6.20	0.74	1.37
6.40	0.73	1.29
6.60	0.72	1.21
6.80	0.73	1.13
7.00	0.73	1.05
7.20	0.75	0.98
7.40	0.77	0.91
7.60	0.79	0.85
7.80	0.83	0.78
8.00	0.88	0.73
8.20	0.94	0.70
8.40	0.96	0.70
8.60	1.00	0.65
8.80	1.04	0.65
9.00	1.07	0.64
9.50	1.12	0.65
10.00	1.14	0.65